    1 . (    7  ,     8   ),
    2 . (    8  ,     9   ),
    3 . (    9  ,    10   ),
    4 . (   11  ,    12   ),
    5 . (   12  ,    26   ),
    6 . (   12  ,    13   ),
    7 . (   18  ,    19   ),
    8 . (   19  ,    20   ),
    9 . (   20  ,    21   ),
   10 . (   23  ,    24   ),
   11 . (   23  ,    32   ),
   12 . (   24  ,    25   ),
   13 . (   24  ,    28   ),
   14 . (    1  ,     3   ),
   15 . (    2  ,     4   ),
   16 . (    5  ,     6   ),
   17 . (    6  ,     7   ),
   18 . (    6  ,    39   ),
   19 . (   32  ,    75   ),
   20 . (   34  ,    75   ),
   21 . (   37  ,    38   ),
   22 . (   38  ,    43   ),
   23 . (   39  ,    40   ),
   24 . (   51  ,    52   ),
   25 . (   52  ,    53   ),
   26 . (   54  ,    55   ),
   27 . (   55  ,    57   ),
   28 . (   56  ,    58   ),
   29 . (   57  ,    58   ),
   30 . (   58  ,    63   ),
   31 . (   61  ,   137   ),
   32 . (   25  ,    26   ),
   33 . (   26  ,    28   ),
   34 . (   30  ,    82   ),
   35 . (   31  ,    32   ),
   36 . (   31  ,    76   ),
   37 . (   75  ,    76   ),
   38 . (   77  ,    78   ),
   39 . (   77  ,   118   ),
   40 . (   78  ,    79   ),
   41 . (   79  ,    83   ),
   42 . (   81  ,    83   ),
   43 . (   83  ,    84   ),
   44 . (   84  ,   189   ),
   45 . (   84  ,    85   ),
   46 . (   85  ,   103   ),
   47 . (   86  ,    87   ),
   48 . (   87  ,    88   ),
   49 . (   89  ,    96   ),
   50 . (   63  ,    67   ),
   51 . (   68  ,    69   ),
   52 . (   69  ,    70   ),
   53 . (   71  ,    72   ),
   54 . (   71  ,   136   ),
   55 . (   95  ,    96   ),
   56 . (  101  ,   102   ),
   57 . (  102  ,   103   ),
   58 . (   86  ,   102   ),
   59 . (  104  ,   202   ),
   60 . (  110  ,   111   ),
   61 . (   90  ,    96   ),
   62 . (   92  ,    93   ),
   63 . (   93  ,    94   ),
   64 . (   93  ,   190   ),
   65 . (   94  ,    95   ),
   66 . (  128  ,   131   ),
   67 . (  129  ,   131   ),
   68 . (  129  ,   130   ),
   69 . (  132  ,   133   ),
   70 . (  138  ,   139   ),
   71 . (  139  ,   140   ),
   72 . (  140  ,   141   ),
   73 . (  140  ,   153   ),
   74 . (  153  ,   154   ),
   75 . (  155  ,   156   ),
   76 . (  157  ,   163   ),
   77 . (  158  ,   159   ),
   78 . (  159  ,   160   ),
   79 . (  111  ,   112   ),
   80 . (  114  ,   186   ),
   81 . (  117  ,   118   ),
   82 . (  126  ,   127   ),
   83 . (  167  ,   176   ),
   84 . (  167  ,   170   ),
   85 . (  170  ,   171   ),
   86 . (  171  ,   172   ),
   87 . (  171  ,   173   ),
   88 . (  179  ,   180   ),
   89 . (  180  ,   181   ),
   90 . (  181  ,   182   ),
   91 . (  185  ,   186   ),
   92 . (  186  ,   187   ),
   93 . (  196  ,   206   ),
   94 . (  196  ,   201   ),
   95 . (  159  ,   163   ),
   96 . (  161  ,   162   ),
   97 . (  162  ,   170   ),
   98 . (  166  ,   177   ),
   99 . (  201  ,   202   ),
  100 . (  202  ,   210   ),
  101 . (  202  ,   209   ),
  102 . (  202  ,   208   ),
  103 . (  206  ,   207   ),
  104 . (  207  ,   211   ),
  105 . (  208  ,   211   ),
  106 . (  209  ,   211   ),
  107 . (  212  ,   219   ),
  108 . (  210  ,   214   ),
  109 . (  218  ,   219   ),
  110 . (  219  ,   259   ),
  111 . (  220  ,   256   ),
  112 . (  196  ,   197   ),
  113 . (  198  ,   199   ),
  114 . (  198  ,   203   ),
  115 . (  200  ,   201   ),
  116 . (  201  ,   207   ),
  117 . (  231  ,   232   ),
  118 . (  233  ,   234   ),
  119 . (  234  ,   236   ),
  120 . (  234  ,   240   ),
  121 . (  235  ,   236   ),
  122 . (  236  ,   237   ),
  123 . (  237  ,   238   ),
  124 . (  244  ,   274   ),
  125 . (  245  ,   246   ),
  126 . (  246  ,   247   ),
  127 . (  247  ,   248   ),
  128 . (  248  ,   249   ),
  129 . (  249  ,   250   ),
  130 . (  225  ,   226   ),
  131 . (  225  ,   238   ),
  132 . (  227  ,   242   ),
  133 . (  228  ,   242   ),
  134 . (  231  ,   236   ),
  135 . (  267  ,   268   ),
  136 . (  270  ,   271   ),
  137 . (  274  ,   275   ),
  138 . (  280  ,   301   ),
  139 . (  280  ,   281   ),
  140 . (  281  ,   282   ),
  141 . (  282  ,   283   ),
  142 . (  282  ,   296   ),
  143 . (  283  ,   295   ),
  144 . (  283  ,   284   ),
  145 . (  284  ,   285   ),
  146 . (  285  ,   286   ),
  147 . (  286  ,   287   ),
  148 . (  254  ,   255   ),
  149 . (  256  ,   257   ),
  150 . (  259  ,   260   ),
  151 . (  262  ,   263   ),
  152 . (  264  ,   265   ),
  153 . (  297  ,   299   ),
  154 . (  298  ,   299   ),
  155 . (  301  ,   302   ),
  156 . (   26  ,    27   ),
  157 . (   42  ,    43   ),
  158 . (   74  ,    75   ),
  159 . (   74  ,    77   ),
  160 . (  226  ,   241   ),
  161 . (    1  ,     2   ),
  162 . (   32  ,    33   ),
  163 . (  155  ,   168   ),
  164 . (  176  ,   177   ),
  165 . (  177  ,   183   ),
  166 . (  287  ,   290   ),
  167 . (  287  ,   288   ),
  168 . (  290  ,   291   ),
  169 . (  295  ,   298   ),
  170 . (  296  ,   298   ),
  171 . (  247  ,   304   ),
  172 . (  279  ,   280   ),
  173 . (  176  ,   184   ),
  174 . (  214  ,   217   ),
  175 . (  213  ,   218   ),
  176 . (  221  ,   255   ),
  177 . (  229  ,   304   ),
  178 . (  177  ,   178   ),
  179 . (    3  ,     4  ,    41   ),
  180 . (    4  ,     5  ,    40   ),
  181 . (   21  ,    22  ,    31   ),
  182 . (   21  ,    30  ,    31   ),
  183 . (    9  ,    27  ,    29   ),
  184 . (   10  ,    11  ,    27   ),
  185 . (   13  ,    14  ,    25   ),
  186 . (   17  ,    18  ,    24   ),
  187 . (   19  ,    22  ,    23   ),
  188 . (   53  ,    54  ,    64   ),
  189 . (   57  ,    64  ,    67   ),
  190 . (   58  ,    59  ,    60   ),
  191 . (   64  ,    65  ,    67   ),
  192 . (   65  ,    70  ,    71   ),
  193 . (   72  ,    73  ,   132   ),
  194 . (   76  ,    78  ,    81   ),
  195 . (   78  ,    80  ,   117   ),
  196 . (   76  ,    81  ,    82   ),
  197 . (   81  ,    82  ,    83   ),
  198 . (   87  ,   100  ,   101   ),
  199 . (   88  ,    89  ,    99   ),
  200 . (   89  ,    98  ,    99   ),
  201 . (   28  ,    33  ,    34   ),
  202 . (   28  ,    29  ,    34   ),
  203 . (   36  ,    37  ,    44   ),
  204 . (   40  ,    41  ,    42   ),
  205 . (   99  ,   100  ,   107   ),
  206 . (  101  ,   105  ,   106   ),
  207 . (  104  ,   105  ,   200   ),
  208 . (  107  ,   108  ,   203   ),
  209 . (  108  ,   203  ,   205   ),
  210 . (  109  ,   111  ,   113   ),
  211 . (  109  ,   113  ,   187   ),
  212 . (  112  ,   113  ,   114   ),
  213 . (  118  ,   119  ,   121   ),
  214 . (  119  ,   122  ,   125   ),
  215 . (  119  ,   121  ,   122   ),
  216 . (  122  ,   123  ,   125   ),
  217 . (  126  ,   128  ,   129   ),
  218 . (   90  ,    91  ,    95   ),
  219 . (   91  ,    92  ,    95   ),
  220 . (   94  ,    97  ,   194   ),
  221 . (   97  ,    98  ,   108   ),
  222 . (   98  ,   107  ,   108   ),
  223 . (  157  ,   168  ,   169   ),
  224 . (  160  ,   161  ,   165   ),
  225 . (  163  ,   164  ,   165   ),
  226 . (  163  ,   164  ,   169   ),
  227 . (  164  ,   165  ,   166   ),
  228 . (  168  ,   169  ,   180   ),
  229 . (  169  ,   178  ,   179   ),
  230 . (  172  ,   174  ,   175   ),
  231 . (  179  ,   182  ,   183   ),
  232 . (  182  ,   183  ,   186   ),
  233 . (  183  ,   184  ,   186   ),
  234 . (  190  ,   191  ,   194   ),
  235 . (  191  ,   192  ,   195   ),
  236 . (  131  ,   133  ,   134   ),
  237 . (  131  ,   134  ,   135   ),
  238 . (  141  ,   142  ,   154   ),
  239 . (  151  ,   152  ,   153   ),
  240 . (  156  ,   157  ,   158   ),
  241 . (  216  ,   217  ,   260   ),
  242 . (  216  ,   260  ,   261   ),
  243 . (  217  ,   218  ,   260   ),
  244 . (  219  ,   220  ,   222   ),
  245 . (  220  ,   221  ,   222   ),
  246 . (  221  ,   222  ,   224   ),
  247 . (  224  ,   225  ,   254   ),
  248 . (  228  ,   229  ,   230   ),
  249 . (  230  ,   243  ,   244   ),
  250 . (  230  ,   242  ,   243   ),
  251 . (  237  ,   239  ,   240   ),
  252 . (  238  ,   239  ,   241   ),
  253 . (  239  ,   241  ,   243   ),
  254 . (  192  ,   193  ,   195   ),
  255 . (  193  ,   197  ,   198   ),
  256 . (  194  ,   195  ,   199   ),
  257 . (  209  ,   213  ,   214   ),
  258 . (  211  ,   212  ,   213   ),
  259 . (  257  ,   268  ,   269   ),
  260 . (  258  ,   259  ,   265   ),
  261 . (  260  ,   261  ,   264   ),
  262 . (  261  ,   263  ,   264   ),
  263 . (  266  ,   267  ,   303   ),
  264 . (  269  ,   270  ,   273   ),
  265 . (  271  ,   272  ,   273   ),
  266 . (  117  ,   120  ,   305   ),
  267 . (   96  ,    97  ,    98   ),
  268 . (  228  ,   245  ,   304   ),
  269 . (  241  ,   242  ,   243   ),
  270 . (  253  ,   271  ,   272   ),
  271 . (  253  ,   254  ,   271   ),
  272 . (  255  ,   256  ,   270   ),
  273 . (  256  ,   269  ,   270   ),
  274 . (   44  ,    45  ,    46   ),
  275 . (   79  ,    80  ,   189   ),
  276 . (  105  ,   197  ,   204   ),
  277 . (  106  ,   203  ,   204   ),
  278 . (  108  ,   199  ,   205   ),
  279 . (  232  ,   233  ,   235   ),
  280 . (  275  ,   276  ,   277   ),
  281 . (  295  ,   296  ,   297   ),
  282 . (  276  ,   277  ,   278   ),
  283 . (  277  ,   278  ,   279   ),
  284 . (  207  ,   208  ,   209   ),
  285 . (  208  ,   209  ,   210   ),
  286 . (  120  ,   121  ,   166  ,   167   ),
  287 . (  207  ,   208  ,   209  ,   210   ),
  288 . (  257  ,   258  ,   265  ,   266   ),